camera_name: "camera1"

image_width: 720
image_height: 720

camera_matrix:
  rows: 3
  cols: 3
  data: [924.2268282075077, 0.0, 351.0497031729769,
         0.0, 923.3925409069645, 359.2081641373512,
         0.0, 0.0, 1.0]

distortion_model: "plumb_bob"

distortion_coefficients:
  rows: 1
  cols: 5
  data: [-0.02625845479072236, 1.4625979449800532, -0.0014035189373399156,
         -0.004337224796784845, -6.044993682556749]

rectification_matrix:
  rows: 3
  cols: 3
  data: [1.0, 0.0, 0.0, 0.0, 1.0, 0.0, 0.0, 0.0, 1.0]

projection_matrix:
  rows: 3
  cols: 4
  data: [924.2268282075077, 0.0, 351.0497031729769, 0.0,
         0.0, 923.3925409069645, 359.2081641373512, 0.0,
         0.0, 0.0, 1.0, 0.0]
